[[0, 2.324115714583299, 2.810435973475924, 2.5344508012961686, 2.7471301312639556, 2.0929085055786816, 2.0036046012553284, 2.73456079663824, 1.1094447467145108, 2.626814010637046], [2.324115714583299, 0, 1.755069967978014, 1.6987614778430653, 1.6555456387443888, 1.7560032321583268, 2.707149821350323, 1.431846391582167, 2.9078755355310424, 2.0554622590815117], [2.810435973475924, 1.755069967978014, 0, 1.004065812712092, 2.110950010059181, 1.6204888689790196, 2.3236401014560917, 2.6908923190571117, 2.549420090465254, 2.8081319118756127], [2.5344508012961686, 1.6987614778430653, 1.004065812712092, 0, 1.804556328951228, 2.910603700148525, 1.5873101395001925, 2.254646251703954, 2.8910884693797456, 1.063791452867593], [2.7471301312639556, 1.6555456387443888, 2.110950010059181, 1.804556328951228, 0, 2.4962450996696983, 2.9933818975394075, 1.7546139497771296, 2.4609445377800223, 1.621424069180444], [2.0929085055786816, 1.7560032321583268, 1.6204888689790196, 2.910603700148525, 2.4962450996696983, 0, 2.8698416086891765, 2.1285834935264583, 1.2424011609457035, 2.683382076375727], [2.0036046012553284, 2.707149821350323, 2.3236401014560917, 1.5873101395001925, 2.9933818975394075, 2.8698416086891765, 0, 2.7889577927616616, 2.039492238451454, 1.7336742583015325], [2.73456079663824, 1.431846391582167, 2.6908923190571117, 2.254646251703954, 1.7546139497771296, 2.1285834935264583, 2.7889577927616616, 0, 2.32445975203444, 1.448032145212272], [1.1094447467145108, 2.9078755355310424, 2.549420090465254, 2.8910884693797456, 2.4609445377800223, 1.2424011609457035, 2.039492238451454, 2.32445975203444, 0, 1.3844448709686854], [2.626814010637046, 2.0554622590815117, 2.8081319118756127, 1.063791452867593, 1.621424069180444, 2.683382076375727, 1.7336742583015325, 1.448032145212272, 1.3844448709686854, 0]]